1 0
-0.0509474 1
-0.401614 2
0.118596 3
0.147684 4
-0.0315789 5
-0.0239298 6
-0.0887368 7
-0.212632 8
-0.0887368 9
-0.0239298 10
-0.0315789 11
0.147684 12
0.118596 13
-0.401614 14
-0.0509474 15
1 16
-0.0509474 17
-0.401614 18
0.118596 19
0.147684 20
-0.0315789 21
-0.0239298 22
-0.0887368 23
-0.212632 24
-0.0887368 25
-0.0239298 26
-0.0315789 27
0.147684 28
0.118596 29
-0.401614 30
-0.0509474 31
1 32
-0.0509474 33
-0.401614 34
0.118596 35
0.147684 36
-0.0315789 37
-0.0239298 38
-0.0887368 39
-0.212632 40
-0.0887368 41
-0.0239298 42
-0.0315789 43
0.147684 44
0.118596 45
-0.401614 46
-0.0509474 47
1 48
-0.0509474 49
-0.401614 50
0.118596 51
0.147684 52
-0.0315789 53
-0.0239298 54
-0.0887368 55
-0.212632 56
-0.0887368 57
-0.0239298 58
-0.0315789 59
0.147684 60
0.118596 61
-0.401614 62
-0.0509474 63
1 64
-0.0509474 65
-0.401614 66
0.118596 67
0.147684 68
-0.0315789 69
-0.0239298 70
-0.0887368 71
-0.212632 72
-0.0887368 73
-0.0239298 74
-0.0315789 75
0.147684 76
0.118596 77
-0.401614 78
-0.0509474 79
1 80
-0.0509474 81
-0.401614 82
0.118596 83
0.147684 84
-0.0315789 85
-0.0239298 86
-0.0887368 87
-0.212632 88
-0.0887368 89
-0.0239298 90
-0.0315789 91
0.147684 92
0.118596 93
-0.401614 94
-0.0509474 95
1 96
-0.0509474 97
-0.401614 98
0.118596 99
0.147684 100
-0.0315789 101
-0.0239298 102
-0.0887368 103
-0.212632 104
-0.0887368 105
-0.0239298 106
-0.0315789 107
0.147684 108
0.118596 109
-0.401614 110
-0.0509474 111
1 112
-0.0509474 113
-0.401614 114
0.118596 115
0.147684 116
-0.0315789 117
-0.0239298 118
-0.0887368 119
-0.212632 120
-0.0887368 121
-0.0239298 122
-0.0315789 123
0.147684 124
0.118596 125
-0.401614 126
-0.0509474 127
1 0
0.566965 1
0.456835 2
0.729807 3
0.694128 4
0.542358 5
0.572344 6
0.629718 7
0.686329 8
0.629718 9
0.572344 10
0.542358 11
0.694128 12
0.729807 13
0.456835 14
0.566965 15
1 16
0.566965 17
0.456835 18
0.729807 19
0.694128 20
0.542358 21
0.572344 22
0.629718 23
0.686329 24
0.629718 25
0.572344 26
0.542358 27
0.694128 28
0.729807 29
0.456835 30
0.566965 31
1 32
0.566965 33
0.456835 34
0.729807 35
0.694128 36
0.542358 37
0.572344 38
0.629718 39
0.686329 40
0.629718 41
0.572344 42
0.542358 43
0.694128 44
0.729807 45
0.456835 46
0.566965 47
1 48
0.566965 49
0.456835 50
0.729807 51
0.694128 52
0.542358 53
0.572344 54
0.629718 55
0.686329 56
0.629718 57
0.572344 58
0.542358 59
0.694128 60
0.729807 61
0.456835 62
0.566965 63
1 64
0.566965 65
0.456835 66
0.729807 67
0.694128 68
0.542358 69
0.572344 70
0.629718 71
0.686329 72
0.629718 73
0.572344 74
0.542358 75
0.694128 76
0.729807 77
0.456835 78
0.566965 79
1 80
0.566965 81
0.456835 82
0.729807 83
0.694128 84
0.542358 85
0.572344 86
0.629718 87
0.686329 88
0.629718 89
0.572344 90
0.542358 91
0.694128 92
0.729807 93
0.456835 94
0.566965 95
1 96
0.566965 97
0.456835 98
0.729807 99
0.694128 100
0.542358 101
0.572344 102
0.629718 103
0.686329 104
0.629718 105
0.572344 106
0.542358 107
0.694128 108
0.729807 109
0.456835 110
0.566965 111
1 112
0.566965 113
0.456835 114
0.729807 115
0.694128 116
0.542358 117
0.572344 118
0.629718 119
0.686329 120
0.629718 121
0.572344 122
0.542358 123
0.694128 124
0.729807 125
0.456835 126
0.566965 127
1 0
-0.450871 1
-0.0276792 2
0.395552 3
-0.401309 4
0.17885 5
0.0253135 6
-0.463016 7
0.597074 8
-0.463016 9
0.0253135 10
0.17885 11
-0.401309 12
0.395552 13
-0.0276792 14
-0.450871 15
1 16
-0.450871 17
-0.0276792 18
0.395552 19
-0.401309 20
0.17885 21
0.0253135 22
-0.463016 23
0.597074 24
-0.463016 25
0.0253135 26
0.17885 27
-0.401309 28
0.395552 29
-0.0276792 30
-0.450871 31
1 32
-0.450871 33
-0.0276792 34
0.395552 35
-0.401309 36
0.17885 37
0.0253135 38
-0.463016 39
0.597074 40
-0.463016 41
0.0253135 42
0.17885 43
-0.401309 44
0.395552 45
-0.0276792 46
-0.450871 47
1 48
-0.450871 49
-0.0276792 50
0.395552 51
-0.401309 52
0.17885 53
0.0253135 54
-0.463016 55
0.597074 56
-0.463016 57
0.0253135 58
0.17885 59
-0.401309 60
0.395552 61
-0.0276792 62
-0.450871 63
1 64
-0.450871 65
-0.0276792 66
0.395552 67
-0.401309 68
0.17885 69
0.0253135 70
-0.463016 71
0.597074 72
-0.463016 73
0.0253135 74
0.17885 75
-0.401309 76
0.395552 77
-0.0276792 78
-0.450871 79
1 80
-0.450871 81
-0.0276792 82
0.395552 83
-0.401309 84
0.17885 85
0.0253135 86
-0.463016 87
0.597074 88
-0.463016 89
0.0253135 90
0.17885 91
-0.401309 92
0.395552 93
-0.0276792 94
-0.450871 95
1 96
-0.450871 97
-0.0276792 98
0.395552 99
-0.401309 100
0.17885 101
0.0253135 102
-0.463016 103
0.597074 104
-0.463016 105
0.0253135 106
0.17885 107
-0.401309 108
0.395552 109
-0.0276792 110
-0.450871 111
1 112
-0.450871 113
-0.0276792 114
0.395552 115
-0.401309 116
0.17885 117
0.0253135 118
-0.463016 119
0.597074 120
-0.463016 121
0.0253135 122
0.17885 123
-0.401309 124
0.395552 125
-0.0276792 126
-0.450871 127
1 0
-0.237533 1
-0.037521 2
-0.191261 3
0.366938 4
-0.26888 5
-0.228482 6
-0.0890074 7
0.395469 8
-0.0890074 9
-0.228482 10
-0.26888 11
0.366938 12
-0.191261 13
-0.037521 14
-0.237533 15
1 16
-0.237533 17
-0.037521 18
-0.191261 19
0.366938 20
-0.26888 21
-0.228482 22
-0.0890074 23
0.395469 24
-0.0890074 25
-0.228482 26
-0.26888 27
0.366938 28
-0.191261 29
-0.037521 30
-0.237533 31
1 32
-0.237533 33
-0.037521 34
-0.191261 35
0.366938 36
-0.26888 37
-0.228482 38
-0.0890074 39
0.395469 40
-0.0890074 41
-0.228482 42
-0.26888 43
0.366938 44
-0.191261 45
-0.037521 46
-0.237533 47
1 48
-0.237533 49
-0.037521 50
-0.191261 51
0.366938 52
-0.26888 53
-0.228482 54
-0.0890074 55
0.395469 56
-0.0890074 57
-0.228482 58
-0.26888 59
0.366938 60
-0.191261 61
-0.037521 62
-0.237533 63
1 64
-0.237533 65
-0.037521 66
-0.191261 67
0.366938 68
-0.26888 69
-0.228482 70
-0.0890074 71
0.395469 72
-0.0890074 73
-0.228482 74
-0.26888 75
0.366938 76
-0.191261 77
-0.037521 78
-0.237533 79
1 80
-0.237533 81
-0.037521 82
-0.191261 83
0.366938 84
-0.26888 85
-0.228482 86
-0.0890074 87
0.395469 88
-0.0890074 89
-0.228482 90
-0.26888 91
0.366938 92
-0.191261 93
-0.037521 94
-0.237533 95
1 96
-0.237533 97
-0.037521 98
-0.191261 99
0.366938 100
-0.26888 101
-0.228482 102
-0.0890074 103
0.395469 104
-0.0890074 105
-0.228482 106
-0.26888 107
0.366938 108
-0.191261 109
-0.037521 110
-0.237533 111
1 112
-0.237533 113
-0.037521 114
-0.191261 115
0.366938 116
-0.26888 117
-0.228482 118
-0.0890074 119
0.395469 120
-0.0890074 121
-0.228482 122
-0.26888 123
0.366938 124
-0.191261 125
-0.037521 126
-0.237533 127
1 0
-0.205959 1
0.0160757 2
0.425637 3
-0.278247 4
0.384937 5
0.185908 6
-0.0317996 7
0.312227 8
-0.0317996 9
0.185908 10
0.384937 11
-0.278247 12
0.425637 13
0.0160757 14
-0.205959 15
1 16
-0.205959 17
0.0160757 18
0.425637 19
-0.278247 20
0.384937 21
0.185908 22
-0.0317996 23
0.312227 24
-0.0317996 25
0.185908 26
0.384937 27
-0.278247 28
0.425637 29
0.0160757 30
-0.205959 31
1 32
-0.205959 33
0.0160757 34
0.425637 35
-0.278247 36
0.384937 37
0.185908 38
-0.0317996 39
0.312227 40
-0.0317996 41
0.185908 42
0.384937 43
-0.278247 44
0.425637 45
0.0160757 46
-0.205959 47
1 48
-0.205959 49
0.0160757 50
0.425637 51
-0.278247 52
0.384937 53
0.185908 54
-0.0317996 55
0.312227 56
-0.0317996 57
0.185908 58
0.384937 59
-0.278247 60
0.425637 61
0.0160757 62
-0.205959 63
1 64
-0.205959 65
0.0160757 66
0.425637 67
-0.278247 68
0.384937 69
0.185908 70
-0.0317996 71
0.312227 72
-0.0317996 73
0.185908 74
0.384937 75
-0.278247 76
0.425637 77
0.0160757 78
-0.205959 79
1 80
-0.205959 81
0.0160757 82
0.425637 83
-0.278247 84
0.384937 85
0.185908 86
-0.0317996 87
0.312227 88
-0.0317996 89
0.185908 90
0.384937 91
-0.278247 92
0.425637 93
0.0160757 94
-0.205959 95
1 96
-0.205959 97
0.0160757 98
0.425637 99
-0.278247 100
0.384937 101
0.185908 102
-0.0317996 103
0.312227 104
-0.0317996 105
0.185908 106
0.384937 107
-0.278247 108
0.425637 109
0.0160757 110
-0.205959 111
1 112
-0.205959 113
0.0160757 114
0.425637 115
-0.278247 116
0.384937 117
0.185908 118
-0.0317996 119
0.312227 120
-0.0317996 121
0.185908 122
0.384937 123
-0.278247 124
0.425637 125
0.0160757 126
-0.205959 127
1 0
-0.365975 1
0.0621314 2
-0.310047 3
-0.00579622 4
0.283608 5
-0.225341 6
0.387533 7
-0.609467 8
0.387533 9
-0.225341 10
0.283608 11
-0.00579622 12
-0.310047 13
0.0621314 14
-0.365975 15
1 16
-0.365975 17
0.0621314 18
-0.310047 19
-0.00579622 20
0.283608 21
-0.225341 22
0.387533 23
-0.609467 24
0.387533 25
-0.225341 26
0.283608 27
-0.00579622 28
-0.310047 29
0.0621314 30
-0.365975 31
1 32
-0.365975 33
0.0621314 34
-0.310047 35
-0.00579622 36
0.283608 37
-0.225341 38
0.387533 39
-0.609467 40
0.387533 41
-0.225341 42
0.283608 43
-0.00579622 44
-0.310047 45
0.0621314 46
-0.365975 47
1 48
-0.365975 49
0.0621314 50
-0.310047 51
-0.00579622 52
0.283608 53
-0.225341 54
0.387533 55
-0.609467 56
0.387533 57
-0.225341 58
0.283608 59
-0.00579622 60
-0.310047 61
0.0621314 62
-0.365975 63
1 64
-0.365975 65
0.0621314 66
-0.310047 67
-0.00579622 68
0.283608 69
-0.225341 70
0.387533 71
-0.609467 72
0.387533 73
-0.225341 74
0.283608 75
-0.00579622 76
-0.310047 77
0.0621314 78
-0.365975 79
1 80
-0.365975 81
0.0621314 82
-0.310047 83
-0.00579622 84
0.283608 85
-0.225341 86
0.387533 87
-0.609467 88
0.387533 89
-0.225341 90
0.283608 91
-0.00579622 92
-0.310047 93
0.0621314 94
-0.365975 95
1 96
-0.365975 97
0.0621314 98
-0.310047 99
-0.00579622 100
0.283608 101
-0.225341 102
0.387533 103
-0.609467 104
0.387533 105
-0.225341 106
0.283608 107
-0.00579622 108
-0.310047 109
0.0621314 110
-0.365975 111
1 112
-0.365975 113
0.0621314 114
-0.310047 115
-0.00579622 116
0.283608 117
-0.225341 118
0.387533 119
-0.609467 120
0.387533 121
-0.225341 122
0.283608 123
-0.00579622 124
-0.310047 125
0.0621314 126
-0.365975 127
1 0
0.111609 1
-0.019226 2
0.0412776 3
0.121683 4
0.234275 5
-0.226106 6
0.0679975 7
0.305098 8
0.0679975 9
-0.226106 10
0.234275 11
0.121683 12
0.0412776 13
-0.019226 14
0.111609 15
1 16
0.111609 17
-0.019226 18
0.0412776 19
0.121683 20
0.234275 21
-0.226106 22
0.0679975 23
0.305098 24
0.0679975 25
-0.226106 26
0.234275 27
0.121683 28
0.0412776 29
-0.019226 30
0.111609 31
1 32
0.111609 33
-0.019226 34
0.0412776 35
0.121683 36
0.234275 37
-0.226106 38
0.0679975 39
0.305098 40
0.0679975 41
-0.226106 42
0.234275 43
0.121683 44
0.0412776 45
-0.019226 46
0.111609 47
1 48
0.111609 49
-0.019226 50
0.0412776 51
0.121683 52
0.234275 53
-0.226106 54
0.0679975 55
0.305098 56
0.0679975 57
-0.226106 58
0.234275 59
0.121683 60
0.0412776 61
-0.019226 62
0.111609 63
1 64
0.111609 65
-0.019226 66
0.0412776 67
0.121683 68
0.234275 69
-0.226106 70
0.0679975 71
0.305098 72
0.0679975 73
-0.226106 74
0.234275 75
0.121683 76
0.0412776 77
-0.019226 78
0.111609 79
1 80
0.111609 81
-0.019226 82
0.0412776 83
0.121683 84
0.234275 85
-0.226106 86
0.0679975 87
0.305098 88
0.0679975 89
-0.226106 90
0.234275 91
0.121683 92
0.0412776 93
-0.019226 94
0.111609 95
1 96
0.111609 97
-0.019226 98
0.0412776 99
0.121683 100
0.234275 101
-0.226106 102
0.0679975 103
0.305098 104
0.0679975 105
-0.226106 106
0.234275 107
0.121683 108
0.0412776 109
-0.019226 110
0.111609 111
1 112
0.111609 113
-0.019226 114
0.0412776 115
0.121683 116
0.234275 117
-0.226106 118
0.0679975 119
0.305098 120
0.0679975 121
-0.226106 122
0.234275 123
0.121683 124
0.0412776 125
-0.019226 126
0.111609 127
1 0
0.129046 1
-0.0255928 2
0.0216409 3
0.362768 4
0.0063041 5
-0.573062 6
-0.00456342 7
0.0628528 8
-0.00456342 9
-0.573062 10
0.0063041 11
0.362768 12
0.0216409 13
-0.0255928 14
0.129046 15
1 16
0.129046 17
-0.0255928 18
0.0216409 19
0.362768 20
0.0063041 21
-0.573062 22
-0.00456342 23
0.0628528 24
-0.00456342 25
-0.573062 26
0.0063041 27
0.362768 28
0.0216409 29
-0.0255928 30
0.129046 31
1 32
0.129046 33
-0.0255928 34
0.0216409 35
0.362768 36
0.0063041 37
-0.573062 38
-0.00456342 39
0.0628528 40
-0.00456342 41
-0.573062 42
0.0063041 43
0.362768 44
0.0216409 45
-0.0255928 46
0.129046 47
1 48
0.129046 49
-0.0255928 50
0.0216409 51
0.362768 52
0.0063041 53
-0.573062 54
-0.00456342 55
0.0628528 56
-0.00456342 57
-0.573062 58
0.0063041 59
0.362768 60
0.0216409 61
-0.0255928 62
0.129046 63
1 64
0.129046 65
-0.0255928 66
0.0216409 67
0.362768 68
0.0063041 69
-0.573062 70
-0.00456342 71
0.0628528 72
-0.00456342 73
-0.573062 74
0.0063041 75
0.362768 76
0.0216409 77
-0.0255928 78
0.129046 79
1 80
0.129046 81
-0.0255928 82
0.0216409 83
0.362768 84
0.0063041 85
-0.573062 86
-0.00456342 87
0.0628528 88
-0.00456342 89
-0.573062 90
0.0063041 91
0.362768 92
0.0216409 93
-0.0255928 94
0.129046 95
1 96
0.129046 97
-0.0255928 98
0.0216409 99
0.362768 100
0.0063041 101
-0.573062 102
-0.00456342 103
0.0628528 104
-0.00456342 105
-0.573062 106
0.0063041 107
0.362768 108
0.0216409 109
-0.0255928 110
0.129046 111
1 112
0.129046 113
-0.0255928 114
0.0216409 115
0.362768 116
0.0063041 117
-0.573062 118
-0.00456342 119
0.0628528 120
-0.00456342 121
-0.573062 122
0.0063041 123
0.362768 124
0.0216409 125
-0.0255928 126
0.129046 127
1 0
0.0690524 1
-0.168678 2
0.399438 3
0.00415837 4
-0.29091 5
-0.216821 6
-0.200422 7
-0.18455 8
-0.200422 9
-0.216821 10
-0.29091 11
0.00415837 12
0.399438 13
-0.168678 14
0.0690524 15
1 16
0.0690524 17
-0.168678 18
0.399438 19
0.00415837 20
-0.29091 21
-0.216821 22
-0.200422 23
-0.18455 24
-0.200422 25
-0.216821 26
-0.29091 27
0.00415837 28
0.399438 29
-0.168678 30
0.0690524 31
1 32
0.0690524 33
-0.168678 34
0.399438 35
0.00415837 36
-0.29091 37
-0.216821 38
-0.200422 39
-0.18455 40
-0.200422 41
-0.216821 42
-0.29091 43
0.00415837 44
0.399438 45
-0.168678 46
0.0690524 47
1 48
0.0690524 49
-0.168678 50
0.399438 51
0.00415837 52
-0.29091 53
-0.216821 54
-0.200422 55
-0.18455 56
-0.200422 57
-0.216821 58
-0.29091 59
0.00415837 60
0.399438 61
-0.168678 62
0.0690524 63
1 64
0.0690524 65
-0.168678 66
0.399438 67
0.00415837 68
-0.29091 69
-0.216821 70
-0.200422 71
-0.18455 72
-0.200422 73
-0.216821 74
-0.29091 75
0.00415837 76
0.399438 77
-0.168678 78
0.0690524 79
1 80
0.0690524 81
-0.168678 82
0.399438 83
0.00415837 84
-0.29091 85
-0.216821 86
-0.200422 87
-0.18455 88
-0.200422 89
-0.216821 90
-0.29091 91
0.00415837 92
0.399438 93
-0.168678 94
0.0690524 95
1 96
0.0690524 97
-0.168678 98
0.399438 99
0.00415837 100
-0.29091 101
-0.216821 102
-0.200422 103
-0.18455 104
-0.200422 105
-0.216821 106
-0.29091 107
0.00415837 108
0.399438 109
-0.168678 110
0.0690524 111
1 112
0.0690524 113
-0.168678 114
0.399438 115
0.00415837 116
-0.29091 117
-0.216821 118
-0.200422 119
-0.18455 120
-0.200422 121
-0.216821 122
-0.29091 123
0.00415837 124
0.399438 125
-0.168678 126
0.0690524 127
1 0
0.265335 1
0.194477 2
0.435552 3
0.0240138 4
-0.0774162 5
-0.0276134 6
-0.141963 7
-0.00138067 8
-0.141963 9
-0.0276134 10
-0.0774162 11
0.0240138 12
0.435552 13
0.194477 14
0.265335 15
1 16
0.265335 17
0.194477 18
0.435552 19
0.0240138 20
-0.0774162 21
-0.0276134 22
-0.141963 23
-0.00138067 24
-0.141963 25
-0.0276134 26
-0.0774162 27
0.0240138 28
0.435552 29
0.194477 30
0.265335 31
1 32
0.265335 33
0.194477 34
0.435552 35
0.0240138 36
-0.0774162 37
-0.0276134 38
-0.141963 39
-0.00138067 40
-0.141963 41
-0.0276134 42
-0.0774162 43
0.0240138 44
0.435552 45
0.194477 46
0.265335 47
1 48
0.265335 49
0.194477 50
0.435552 51
0.0240138 52
-0.0774162 53
-0.0276134 54
-0.141963 55
-0.00138067 56
-0.141963 57
-0.0276134 58
-0.0774162 59
0.0240138 60
0.435552 61
0.194477 62
0.265335 63
1 64
0.265335 65
0.194477 66
0.435552 67
0.0240138 68
-0.0774162 69
-0.0276134 70
-0.141963 71
-0.00138067 72
-0.141963 73
-0.0276134 74
-0.0774162 75
0.0240138 76
0.435552 77
0.194477 78
0.265335 79
1 80
0.265335 81
0.194477 82
0.435552 83
0.0240138 84
-0.0774162 85
-0.0276134 86
-0.141963 87
-0.00138067 88
-0.141963 89
-0.0276134 90
-0.0774162 91
0.0240138 92
0.435552 93
0.194477 94
0.265335 95
1 96
0.265335 97
0.194477 98
0.435552 99
0.0240138 100
-0.0774162 101
-0.0276134 102
-0.141963 103
-0.00138067 104
-0.141963 105
-0.0276134 106
-0.0774162 107
0.0240138 108
0.435552 109
0.194477 110
0.265335 111
1 112
0.265335 113
0.194477 114
0.435552 115
0.0240138 116
-0.0774162 117
-0.0276134 118
-0.141963 119
-0.00138067 120
-0.141963 121
-0.0276134 122
-0.0774162 123
0.0240138 124
0.435552 125
0.194477 126
0.265335 127
1 0
-0.091269 1
0.0526316 2
0.32025 3
-0.48818 4
0.457906 5
0.185772 6
-0.174844 7
0.573818 8
-0.174844 9
0.185772 10
0.457906 11
-0.48818 12
0.32025 13
0.0526316 14
-0.091269 15
1 16
-0.091269 17
0.0526316 18
0.32025 19
-0.48818 20
0.457906 21
0.185772 22
-0.174844 23
0.573818 24
-0.174844 25
0.185772 26
0.457906 27
-0.48818 28
0.32025 29
0.0526316 30
-0.091269 31
1 32
-0.091269 33
0.0526316 34
0.32025 35
-0.48818 36
0.457906 37
0.185772 38
-0.174844 39
0.573818 40
-0.174844 41
0.185772 42
0.457906 43
-0.48818 44
0.32025 45
0.0526316 46
-0.091269 47
1 48
-0.091269 49
0.0526316 50
0.32025 51
-0.48818 52
0.457906 53
0.185772 54
-0.174844 55
0.573818 56
-0.174844 57
0.185772 58
0.457906 59
-0.48818 60
0.32025 61
0.0526316 62
-0.091269 63
1 64
-0.091269 65
0.0526316 66
0.32025 67
-0.48818 68
0.457906 69
0.185772 70
-0.174844 71
0.573818 72
-0.174844 73
0.185772 74
0.457906 75
-0.48818 76
0.32025 77
0.0526316 78
-0.091269 79
1 80
-0.091269 81
0.0526316 82
0.32025 83
-0.48818 84
0.457906 85
0.185772 86
-0.174844 87
0.573818 88
-0.174844 89
0.185772 90
0.457906 91
-0.48818 92
0.32025 93
0.0526316 94
-0.091269 95
1 96
-0.091269 97
0.0526316 98
0.32025 99
-0.48818 100
0.457906 101
0.185772 102
-0.174844 103
0.573818 104
-0.174844 105
0.185772 106
0.457906 107
-0.48818 108
0.32025 109
0.0526316 110
-0.091269 111
1 112
-0.091269 113
0.0526316 114
0.32025 115
-0.48818 116
0.457906 117
0.185772 118
-0.174844 119
0.573818 120
-0.174844 121
0.185772 122
0.457906 123
-0.48818 124
0.32025 125
0.0526316 126
-0.091269 127
1 0
-0.156929 1
-0.0345261 2
-0.21149 3
-0.184512 4
0.0998509 5
-0.220622 6
0.237676 7
0.00838692 8
0.237676 9
-0.220622 10
0.0998509 11
-0.184512 12
-0.21149 13
-0.0345261 14
-0.156929 15
1 16
-0.156929 17
-0.0345261 18
-0.21149 19
-0.184512 20
0.0998509 21
-0.220622 22
0.237676 23
0.00838692 24
0.237676 25
-0.220622 26
0.0998509 27
-0.184512 28
-0.21149 29
-0.0345261 30
-0.156929 31
1 32
-0.156929 33
-0.0345261 34
-0.21149 35
-0.184512 36
0.0998509 37
-0.220622 38
0.237676 39
0.00838692 40
0.237676 41
-0.220622 42
0.0998509 43
-0.184512 44
-0.21149 45
-0.0345261 46
-0.156929 47
1 48
-0.156929 49
-0.0345261 50
-0.21149 51
-0.184512 52
0.0998509 53
-0.220622 54
0.237676 55
0.00838692 56
0.237676 57
-0.220622 58
0.0998509 59
-0.184512 60
-0.21149 61
-0.0345261 62
-0.156929 63
1 64
-0.156929 65
-0.0345261 66
-0.21149 67
-0.184512 68
0.0998509 69
-0.220622 70
0.237676 71
0.00838692 72
0.237676 73
-0.220622 74
0.0998509 75
-0.184512 76
-0.21149 77
-0.0345261 78
-0.156929 79
1 80
-0.156929 81
-0.0345261 82
-0.21149 83
-0.184512 84
0.0998509 85
-0.220622 86
0.237676 87
0.00838692 88
0.237676 89
-0.220622 90
0.0998509 91
-0.184512 92
-0.21149 93
-0.0345261 94
-0.156929 95
1 96
-0.156929 97
-0.0345261 98
-0.21149 99
-0.184512 100
0.0998509 101
-0.220622 102
0.237676 103
0.00838692 104
0.237676 105
-0.220622 106
0.0998509 107
-0.184512 108
-0.21149 109
-0.0345261 110
-0.156929 111
1 112
-0.156929 113
-0.0345261 114
-0.21149 115
-0.184512 116
0.0998509 117
-0.220622 118
0.237676 119
0.00838692 120
0.237676 121
-0.220622 122
0.0998509 123
-0.184512 124
-0.21149 125
-0.0345261 126
-0.156929 127
1 0
-0.0198191 1
-0.0759804 2
-0.0815162 3
-0.23128 4
-0.300625 5
-0.0493577 6
0.397017 7
-0.22211 8
0.397017 9
-0.0493577 10
-0.300625 11
-0.23128 12
-0.0815162 13
-0.0759804 14
-0.0198191 15
1 16
-0.0198191 17
-0.0759804 18
-0.0815162 19
-0.23128 20
-0.300625 21
-0.0493577 22
0.397017 23
-0.22211 24
0.397017 25
-0.0493577 26
-0.300625 27
-0.23128 28
-0.0815162 29
-0.0759804 30
-0.0198191 31
1 32
-0.0198191 33
-0.0759804 34
-0.0815162 35
-0.23128 36
-0.300625 37
-0.0493577 38
0.397017 39
-0.22211 40
0.397017 41
-0.0493577 42
-0.300625 43
-0.23128 44
-0.0815162 45
-0.0759804 46
-0.0198191 47
1 48
-0.0198191 49
-0.0759804 50
-0.0815162 51
-0.23128 52
-0.300625 53
-0.0493577 54
0.397017 55
-0.22211 56
0.397017 57
-0.0493577 58
-0.300625 59
-0.23128 60
-0.0815162 61
-0.0759804 62
-0.0198191 63
1 64
-0.0198191 65
-0.0759804 66
-0.0815162 67
-0.23128 68
-0.300625 69
-0.0493577 70
0.397017 71
-0.22211 72
0.397017 73
-0.0493577 74
-0.300625 75
-0.23128 76
-0.0815162 77
-0.0759804 78
-0.0198191 79
1 80
-0.0198191 81
-0.0759804 82
-0.0815162 83
-0.23128 84
-0.300625 85
-0.0493577 86
0.397017 87
-0.22211 88
0.397017 89
-0.0493577 90
-0.300625 91
-0.23128 92
-0.0815162 93
-0.0759804 94
-0.0198191 95
1 96
-0.0198191 97
-0.0759804 98
-0.0815162 99
-0.23128 100
-0.300625 101
-0.0493577 102
0.397017 103
-0.22211 104
0.397017 105
-0.0493577 106
-0.300625 107
-0.23128 108
-0.0815162 109
-0.0759804 110
-0.0198191 111
1 112
-0.0198191 113
-0.0759804 114
-0.0815162 115
-0.23128 116
-0.300625 117
-0.0493577 118
0.397017 119
-0.22211 120
0.397017 121
-0.0493577 122
-0.300625 123
-0.23128 124
-0.0815162 125
-0.0759804 126
-0.0198191 127
1 0
0.0855229 1
0.0230067 2
0.118464 3
-0.00624515 4
0.085167 5
-0.0722237 6
-0.257442 7
0.354808 8
-0.257442 9
-0.0722237 10
0.085167 11
-0.00624515 12
0.118464 13
0.0230067 14
0.0855229 15
1 16
0.0855229 17
0.0230067 18
0.118464 19
-0.00624515 20
0.085167 21
-0.0722237 22
-0.257442 23
0.354808 24
-0.257442 25
-0.0722237 26
0.085167 27
-0.00624515 28
0.118464 29
0.0230067 30
0.0855229 31
1 32
0.0855229 33
0.0230067 34
0.118464 35
-0.00624515 36
0.085167 37
-0.0722237 38
-0.257442 39
0.354808 40
-0.257442 41
-0.0722237 42
0.085167 43
-0.00624515 44
0.118464 45
0.0230067 46
0.0855229 47
1 48
0.0855229 49
0.0230067 50
0.118464 51
-0.00624515 52
0.085167 53
-0.0722237 54
-0.257442 55
0.354808 56
-0.257442 57
-0.0722237 58
0.085167 59
-0.00624515 60
0.118464 61
0.0230067 62
0.0855229 63
1 64
0.0855229 65
0.0230067 66
0.118464 67
-0.00624515 68
0.085167 69
-0.0722237 70
-0.257442 71
0.354808 72
-0.257442 73
-0.0722237 74
0.085167 75
-0.00624515 76
0.118464 77
0.0230067 78
0.0855229 79
1 80
0.0855229 81
0.0230067 82
0.118464 83
-0.00624515 84
0.085167 85
-0.0722237 86
-0.257442 87
0.354808 88
-0.257442 89
-0.0722237 90
0.085167 91
-0.00624515 92
0.118464 93
0.0230067 94
0.0855229 95
1 96
0.0855229 97
0.0230067 98
0.118464 99
-0.00624515 100
0.085167 101
-0.0722237 102
-0.257442 103
0.354808 104
-0.257442 105
-0.0722237 106
0.085167 107
-0.00624515 108
0.118464 109
0.0230067 110
0.0855229 111
1 112
0.0855229 113
0.0230067 114
0.118464 115
-0.00624515 116
0.085167 117
-0.0722237 118
-0.257442 119
0.354808 120
-0.257442 121
-0.0722237 122
0.085167 123
-0.00624515 124
0.118464 125
0.0230067 126
0.0855229 127
1 0
-0.219341 1
-0.0664027 2
0.0380992 3
0.0577741 4
-0.14406 5
-0.298583 6
0.319216 7
-0.163276 8
0.319216 9
-0.298583 10
-0.14406 11
0.0577741 12
0.0380992 13
-0.0664027 14
-0.219341 15
1 16
-0.219341 17
-0.0664027 18
0.0380992 19
0.0577741 20
-0.14406 21
-0.298583 22
0.319216 23
-0.163276 24
0.319216 25
-0.298583 26
-0.14406 27
0.0577741 28
0.0380992 29
-0.0664027 30
-0.219341 31
1 32
-0.219341 33
-0.0664027 34
0.0380992 35
0.0577741 36
-0.14406 37
-0.298583 38
0.319216 39
-0.163276 40
0.319216 41
-0.298583 42
-0.14406 43
0.0577741 44
0.0380992 45
-0.0664027 46
-0.219341 47
1 48
-0.219341 49
-0.0664027 50
0.0380992 51
0.0577741 52
-0.14406 53
-0.298583 54
0.319216 55
-0.163276 56
0.319216 57
-0.298583 58
-0.14406 59
0.0577741 60
0.0380992 61
-0.0664027 62
-0.219341 63
1 64
-0.219341 65
-0.0664027 66
0.0380992 67
0.0577741 68
-0.14406 69
-0.298583 70
0.319216 71
-0.163276 72
0.319216 73
-0.298583 74
-0.14406 75
0.0577741 76
0.0380992 77
-0.0664027 78
-0.219341 79
1 80
-0.219341 81
-0.0664027 82
0.0380992 83
0.0577741 84
-0.14406 85
-0.298583 86
0.319216 87
-0.163276 88
0.319216 89
-0.298583 90
-0.14406 91
0.0577741 92
0.0380992 93
-0.0664027 94
-0.219341 95
1 96
-0.219341 97
-0.0664027 98
0.0380992 99
0.0577741 100
-0.14406 101
-0.298583 102
0.319216 103
-0.163276 104
0.319216 105
-0.298583 106
-0.14406 107
0.0577741 108
0.0380992 109
-0.0664027 110
-0.219341 111
1 112
-0.219341 113
-0.0664027 114
0.0380992 115
0.0577741 116
-0.14406 117
-0.298583 118
0.319216 119
-0.163276 120
0.319216 121
-0.298583 122
-0.14406 123
0.0577741 124
0.0380992 125
-0.0664027 126
-0.219341 127
1 0
0.0117805 1
-0.192837 2
-0.0998182 3
0.0735294 4
0.0449083 5
0.038425 6
0.0149035 7
-0.727664 8
0.0149035 9
0.038425 10
0.0449083 11
0.0735294 12
-0.0998182 13
-0.192837 14
0.0117805 15
1 16
0.0117805 17
-0.192837 18
-0.0998182 19
0.0735294 20
0.0449083 21
0.038425 22
0.0149035 23
-0.727664 24
0.0149035 25
0.038425 26
0.0449083 27
0.0735294 28
-0.0998182 29
-0.192837 30
0.0117805 31
1 32
0.0117805 33
-0.192837 34
-0.0998182 35
0.0735294 36
0.0449083 37
0.038425 38
0.0149035 39
-0.727664 40
0.0149035 41
0.038425 42
0.0449083 43
0.0735294 44
-0.0998182 45
-0.192837 46
0.0117805 47
1 48
0.0117805 49
-0.192837 50
-0.0998182 51
0.0735294 52
0.0449083 53
0.038425 54
0.0149035 55
-0.727664 56
0.0149035 57
0.038425 58
0.0449083 59
0.0735294 60
-0.0998182 61
-0.192837 62
0.0117805 63
1 64
0.0117805 65
-0.192837 66
-0.0998182 67
0.0735294 68
0.0449083 69
0.038425 70
0.0149035 71
-0.727664 72
0.0149035 73
0.038425 74
0.0449083 75
0.0735294 76
-0.0998182 77
-0.192837 78
0.0117805 79
1 80
0.0117805 81
-0.192837 82
-0.0998182 83
0.0735294 84
0.0449083 85
0.038425 86
0.0149035 87
-0.727664 88
0.0149035 89
0.038425 90
0.0449083 91
0.0735294 92
-0.0998182 93
-0.192837 94
0.0117805 95
1 96
0.0117805 97
-0.192837 98
-0.0998182 99
0.0735294 100
0.0449083 101
0.038425 102
0.0149035 103
-0.727664 104
0.0149035 105
0.038425 106
0.0449083 107
0.0735294 108
-0.0998182 109
-0.192837 110
0.0117805 111
1 112
0.0117805 113
-0.192837 114
-0.0998182 115
0.0735294 116
0.0449083 117
0.038425 118
0.0149035 119
-0.727664 120
0.0149035 121
0.038425 122
0.0449083 123
0.0735294 124
-0.0998182 125
-0.192837 126
0.0117805 127
1 0
-0.1261 1
-0.311854 2
0.389112 3
0.0708059 4
-0.303307 5
-0.00029912 6
-0.0875566 7
-0.136997 8
-0.0875566 9
-0.00029912 10
-0.303307 11
0.0708059 12
0.389112 13
-0.311854 14
-0.1261 15
1 16
-0.1261 17
-0.311854 18
0.389112 19
0.0708059 20
-0.303307 21
-0.00029912 22
-0.0875566 23
-0.136997 24
-0.0875566 25
-0.00029912 26
-0.303307 27
0.0708059 28
0.389112 29
-0.311854 30
-0.1261 31
1 32
-0.1261 33
-0.311854 34
0.389112 35
0.0708059 36
-0.303307 37
-0.00029912 38
-0.0875566 39
-0.136997 40
-0.0875566 41
-0.00029912 42
-0.303307 43
0.0708059 44
0.389112 45
-0.311854 46
-0.1261 47
1 48
-0.1261 49
-0.311854 50
0.389112 51
0.0708059 52
-0.303307 53
-0.00029912 54
-0.0875566 55
-0.136997 56
-0.0875566 57
-0.00029912 58
-0.303307 59
0.0708059 60
0.389112 61
-0.311854 62
-0.1261 63
1 64
-0.1261 65
-0.311854 66
0.389112 67
0.0708059 68
-0.303307 69
-0.00029912 70
-0.0875566 71
-0.136997 72
-0.0875566 73
-0.00029912 74
-0.303307 75
0.0708059 76
0.389112 77
-0.311854 78
-0.1261 79
1 80
-0.1261 81
-0.311854 82
0.389112 83
0.0708059 84
-0.303307 85
-0.00029912 86
-0.0875566 87
-0.136997 88
-0.0875566 89
-0.00029912 90
-0.303307 91
0.0708059 92
0.389112 93
-0.311854 94
-0.1261 95
1 96
-0.1261 97
-0.311854 98
0.389112 99
0.0708059 100
-0.303307 101
-0.00029912 102
-0.0875566 103
-0.136997 104
-0.0875566 105
-0.00029912 106
-0.303307 107
0.0708059 108
0.389112 109
-0.311854 110
-0.1261 111
1 112
-0.1261 113
-0.311854 114
0.389112 115
0.0708059 116
-0.303307 117
-0.00029912 118
-0.0875566 119
-0.136997 120
-0.0875566 121
-0.00029912 122
-0.303307 123
0.0708059 124
0.389112 125
-0.311854 126
-0.1261 127
1 0
-0.29858 1
0.0529926 2
0.0501845 3
-0.00280809 4
0.0752166 5
-0.116776 6
0.353217 7
-0.0811537 8
0.353217 9
-0.116776 10
0.0752166 11
-0.00280809 12
0.0501845 13
0.0529926 14
-0.29858 15
1 16
-0.29858 17
0.0529926 18
0.0501845 19
-0.00280809 20
0.0752166 21
-0.116776 22
0.353217 23
-0.0811537 24
0.353217 25
-0.116776 26
0.0752166 27
-0.00280809 28
0.0501845 29
0.0529926 30
-0.29858 31
1 32
-0.29858 33
0.0529926 34
0.0501845 35
-0.00280809 36
0.0752166 37
-0.116776 38
0.353217 39
-0.0811537 40
0.353217 41
-0.116776 42
0.0752166 43
-0.00280809 44
0.0501845 45
0.0529926 46
-0.29858 47
1 48
-0.29858 49
0.0529926 50
0.0501845 51
-0.00280809 52
0.0752166 53
-0.116776 54
0.353217 55
-0.0811537 56
0.353217 57
-0.116776 58
0.0752166 59
-0.00280809 60
0.0501845 61
0.0529926 62
-0.29858 63
1 64
-0.29858 65
0.0529926 66
0.0501845 67
-0.00280809 68
0.0752166 69
-0.116776 70
0.353217 71
-0.0811537 72
0.353217 73
-0.116776 74
0.0752166 75
-0.00280809 76
0.0501845 77
0.0529926 78
-0.29858 79
1 80
-0.29858 81
0.0529926 82
0.0501845 83
-0.00280809 84
0.0752166 85
-0.116776 86
0.353217 87
-0.0811537 88
0.353217 89
-0.116776 90
0.0752166 91
-0.00280809 92
0.0501845 93
0.0529926 94
-0.29858 95
1 96
-0.29858 97
0.0529926 98
0.0501845 99
-0.00280809 100
0.0752166 101
-0.116776 102
0.353217 103
-0.0811537 104
0.353217 105
-0.116776 106
0.0752166 107
-0.00280809 108
0.0501845 109
0.0529926 110
-0.29858 111
1 112
-0.29858 113
0.0529926 114
0.0501845 115
-0.00280809 116
0.0752166 117
-0.116776 118
0.353217 119
-0.0811537 120
0.353217 121
-0.116776 122
0.0752166 123
-0.00280809 124
0.0501845 125
0.0529926 126
-0.29858 127
1 0
0.410098 1
-0.454391 2
-0.68589 3
-0.263129 4
0.295088 5
0.381044 6
-0.0239009 7
-0.31433 8
-0.0239009 9
0.381044 10
0.295088 11
-0.263129 12
-0.68589 13
-0.454391 14
0.410098 15
1 16
0.410098 17
-0.454391 18
-0.68589 19
-0.263129 20
0.295088 21
0.381044 22
-0.0239009 23
-0.31433 24
-0.0239009 25
0.381044 26
0.295088 27
-0.263129 28
-0.68589 29
-0.454391 30
0.410098 31
1 32
0.410098 33
-0.454391 34
-0.68589 35
-0.263129 36
0.295088 37
0.381044 38
-0.0239009 39
-0.31433 40
-0.0239009 41
0.381044 42
0.295088 43
-0.263129 44
-0.68589 45
-0.454391 46
0.410098 47
1 48
0.410098 49
-0.454391 50
-0.68589 51
-0.263129 52
0.295088 53
0.381044 54
-0.0239009 55
-0.31433 56
-0.0239009 57
0.381044 58
0.295088 59
-0.263129 60
-0.68589 61
-0.454391 62
0.410098 63
1 64
0.410098 65
-0.454391 66
-0.68589 67
-0.263129 68
0.295088 69
0.381044 70
-0.0239009 71
-0.31433 72
-0.0239009 73
0.381044 74
0.295088 75
-0.263129 76
-0.68589 77
-0.454391 78
0.410098 79
1 80
0.410098 81
-0.454391 82
-0.68589 83
-0.263129 84
0.295088 85
0.381044 86
-0.0239009 87
-0.31433 88
-0.0239009 89
0.381044 90
0.295088 91
-0.263129 92
-0.68589 93
-0.454391 94
0.410098 95
1 96
0.410098 97
-0.454391 98
-0.68589 99
-0.263129 100
0.295088 101
0.381044 102
-0.0239009 103
-0.31433 104
-0.0239009 105
0.381044 106
0.295088 107
-0.263129 108
-0.68589 109
-0.454391 110
0.410098 111
1 112
0.410098 113
-0.454391 114
-0.68589 115
-0.263129 116
0.295088 117
0.381044 118
-0.0239009 119
-0.31433 120
-0.0239009 121
0.381044 122
0.295088 123
-0.263129 124
-0.68589 125
-0.454391 126
0.410098 127
1 0
0.0328533 1
0.268034 2
-0.0329819 3
0.185547 4
-0.228687 5
0.0183876 6
-0.194227 7
0.407162 8
-0.194227 9
0.0183876 10
-0.228687 11
0.185547 12
-0.0329819 13
0.268034 14
0.0328533 15
1 16
0.0328533 17
0.268034 18
-0.0329819 19
0.185547 20
-0.228687 21
0.0183876 22
-0.194227 23
0.407162 24
-0.194227 25
0.0183876 26
-0.228687 27
0.185547 28
-0.0329819 29
0.268034 30
0.0328533 31
1 32
0.0328533 33
0.268034 34
-0.0329819 35
0.185547 36
-0.228687 37
0.0183876 38
-0.194227 39
0.407162 40
-0.194227 41
0.0183876 42
-0.228687 43
0.185547 44
-0.0329819 45
0.268034 46
0.0328533 47
1 48
0.0328533 49
0.268034 50
-0.0329819 51
0.185547 52
-0.228687 53
0.0183876 54
-0.194227 55
0.407162 56
-0.194227 57
0.0183876 58
-0.228687 59
0.185547 60
-0.0329819 61
0.268034 62
0.0328533 63
1 64
0.0328533 65
0.268034 66
-0.0329819 67
0.185547 68
-0.228687 69
0.0183876 70
-0.194227 71
0.407162 72
-0.194227 73
0.0183876 74
-0.228687 75
0.185547 76
-0.0329819 77
0.268034 78
0.0328533 79
1 80
0.0328533 81
0.268034 82
-0.0329819 83
0.185547 84
-0.228687 85
0.0183876 86
-0.194227 87
0.407162 88
-0.194227 89
0.0183876 90
-0.228687 91
0.185547 92
-0.0329819 93
0.268034 94
0.0328533 95
1 96
0.0328533 97
0.268034 98
-0.0329819 99
0.185547 100
-0.228687 101
0.0183876 102
-0.194227 103
0.407162 104
-0.194227 105
0.0183876 106
-0.228687 107
0.185547 108
-0.0329819 109
0.268034 110
0.0328533 111
1 112
0.0328533 113
0.268034 114
-0.0329819 115
0.185547 116
-0.228687 117
0.0183876 118
-0.194227 119
0.407162 120
-0.194227 121
0.0183876 122
-0.228687 123
0.185547 124
-0.0329819 125
0.268034 126
0.0328533 127
1 0
0.0830004 1
-0.204604 2
-0.455903 3
-0.171994 4
0.0782062 5
0.303885 6
0.044197 7
-0.108869 8
0.044197 9
0.303885 10
0.0782062 11
-0.171994 12
-0.455903 13
-0.204604 14
0.0830004 15
1 16
0.0830004 17
-0.204604 18
-0.455903 19
-0.171994 20
0.0782062 21
0.303885 22
0.044197 23
-0.108869 24
0.044197 25
0.303885 26
0.0782062 27
-0.171994 28
-0.455903 29
-0.204604 30
0.0830004 31
1 32
0.0830004 33
-0.204604 34
-0.455903 35
-0.171994 36
0.0782062 37
0.303885 38
0.044197 39
-0.108869 40
0.044197 41
0.303885 42
0.0782062 43
-0.171994 44
-0.455903 45
-0.204604 46
0.0830004 47
1 48
0.0830004 49
-0.204604 50
-0.455903 51
-0.171994 52
0.0782062 53
0.303885 54
0.044197 55
-0.108869 56
0.044197 57
0.303885 58
0.0782062 59
-0.171994 60
-0.455903 61
-0.204604 62
0.0830004 63
1 64
0.0830004 65
-0.204604 66
-0.455903 67
-0.171994 68
0.0782062 69
0.303885 70
0.044197 71
-0.108869 72
0.044197 73
0.303885 74
0.0782062 75
-0.171994 76
-0.455903 77
-0.204604 78
0.0830004 79
1 80
0.0830004 81
-0.204604 82
-0.455903 83
-0.171994 84
0.0782062 85
0.303885 86
0.044197 87
-0.108869 88
0.044197 89
0.303885 90
0.0782062 91
-0.171994 92
-0.455903 93
-0.204604 94
0.0830004 95
1 96
0.0830004 97
-0.204604 98
-0.455903 99
-0.171994 100
0.0782062 101
0.303885 102
0.044197 103
-0.108869 104
0.044197 105
0.303885 106
0.0782062 107
-0.171994 108
-0.455903 109
-0.204604 110
0.0830004 111
1 112
0.0830004 113
-0.204604 114
-0.455903 115
-0.171994 116
0.0782062 117
0.303885 118
0.044197 119
-0.108869 120
0.044197 121
0.303885 122
0.0782062 123
-0.171994 124
-0.455903 125
-0.204604 126
0.0830004 127
1 0
0.301665 1
0.0527128 2
-0.0224967 3
0.108127 4
0.175673 5
0.105205 6
-0.000771945 7
-0.322011 8
-0.000771945 9
0.105205 10
0.175673 11
0.108127 12
-0.0224967 13
0.0527128 14
0.301665 15
1 16
0.301665 17
0.0527128 18
-0.0224967 19
0.108127 20
0.175673 21
0.105205 22
-0.000771945 23
-0.322011 24
-0.000771945 25
0.105205 26
0.175673 27
0.108127 28
-0.0224967 29
0.0527128 30
0.301665 31
1 32
0.301665 33
0.0527128 34
-0.0224967 35
0.108127 36
0.175673 37
0.105205 38
-0.000771945 39
-0.322011 40
-0.000771945 41
0.105205 42
0.175673 43
0.108127 44
-0.0224967 45
0.0527128 46
0.301665 47
1 48
0.301665 49
0.0527128 50
-0.0224967 51
0.108127 52
0.175673 53
0.105205 54
-0.000771945 55
-0.322011 56
-0.000771945 57
0.105205 58
0.175673 59
0.108127 60
-0.0224967 61
0.0527128 62
0.301665 63
1 64
0.301665 65
0.0527128 66
-0.0224967 67
0.108127 68
0.175673 69
0.105205 70
-0.000771945 71
-0.322011 72
-0.000771945 73
0.105205 74
0.175673 75
0.108127 76
-0.0224967 77
0.0527128 78
0.301665 79
1 80
0.301665 81
0.0527128 82
-0.0224967 83
0.108127 84
0.175673 85
0.105205 86
-0.000771945 87
-0.322011 88
-0.000771945 89
0.105205 90
0.175673 91
0.108127 92
-0.0224967 93
0.0527128 94
0.301665 95
1 96
0.301665 97
0.0527128 98
-0.0224967 99
0.108127 100
0.175673 101
0.105205 102
-0.000771945 103
-0.322011 104
-0.000771945 105
0.105205 106
0.175673 107
0.108127 108
-0.0224967 109
0.0527128 110
0.301665 111
1 112
0.301665 113
0.0527128 114
-0.0224967 115
0.108127 116
0.175673 117
0.105205 118
-0.000771945 119
-0.322011 120
-0.000771945 121
0.105205 122
0.175673 123
0.108127 124
-0.0224967 125
0.0527128 126
0.301665 127
1 0
0.424399 1
0.207383 2
-0.0409768 3
0.125794 4
0.214256 5
0.1272 6
-0.19244 7
-0.118713 8
-0.19244 9
0.1272 10
0.214256 11
0.125794 12
-0.0409768 13
0.207383 14
0.424399 15
1 16
0.424399 17
0.207383 18
-0.0409768 19
0.125794 20
0.214256 21
0.1272 22
-0.19244 23
-0.118713 24
-0.19244 25
0.1272 26
0.214256 27
0.125794 28
-0.0409768 29
0.207383 30
0.424399 31
1 32
0.424399 33
0.207383 34
-0.0409768 35
0.125794 36
0.214256 37
0.1272 38
-0.19244 39
-0.118713 40
-0.19244 41
0.1272 42
0.214256 43
0.125794 44
-0.0409768 45
0.207383 46
0.424399 47
1 48
0.424399 49
0.207383 50
-0.0409768 51
0.125794 52
0.214256 53
0.1272 54
-0.19244 55
-0.118713 56
-0.19244 57
0.1272 58
0.214256 59
0.125794 60
-0.0409768 61
0.207383 62
0.424399 63
1 64
0.424399 65
0.207383 66
-0.0409768 67
0.125794 68
0.214256 69
0.1272 70
-0.19244 71
-0.118713 72
-0.19244 73
0.1272 74
0.214256 75
0.125794 76
-0.0409768 77
0.207383 78
0.424399 79
1 80
0.424399 81
0.207383 82
-0.0409768 83
0.125794 84
0.214256 85
0.1272 86
-0.19244 87
-0.118713 88
-0.19244 89
0.1272 90
0.214256 91
0.125794 92
-0.0409768 93
0.207383 94
0.424399 95
1 96
0.424399 97
0.207383 98
-0.0409768 99
0.125794 100
0.214256 101
0.1272 102
-0.19244 103
-0.118713 104
-0.19244 105
0.1272 106
0.214256 107
0.125794 108
-0.0409768 109
0.207383 110
0.424399 111
1 112
0.424399 113
0.207383 114
-0.0409768 115
0.125794 116
0.214256 117
0.1272 118
-0.19244 119
-0.118713 120
-0.19244 121
0.1272 122
0.214256 123
0.125794 124
-0.0409768 125
0.207383 126
0.424399 127
1 0
0.0273031 1
0.216398 2
0.142397 3
-0.386535 4
-0.00377553 5
-0.173953 6
-0.169064 7
-0.0637469 8
-0.169064 9
-0.173953 10
-0.00377553 11
-0.386535 12
0.142397 13
0.216398 14
0.0273031 15
1 16
0.0273031 17
0.216398 18
0.142397 19
-0.386535 20
-0.00377553 21
-0.173953 22
-0.169064 23
-0.0637469 24
-0.169064 25
-0.173953 26
-0.00377553 27
-0.386535 28
0.142397 29
0.216398 30
0.0273031 31
1 32
0.0273031 33
0.216398 34
0.142397 35
-0.386535 36
-0.00377553 37
-0.173953 38
-0.169064 39
-0.0637469 40
-0.169064 41
-0.173953 42
-0.00377553 43
-0.386535 44
0.142397 45
0.216398 46
0.0273031 47
1 48
0.0273031 49
0.216398 50
0.142397 51
-0.386535 52
-0.00377553 53
-0.173953 54
-0.169064 55
-0.0637469 56
-0.169064 57
-0.173953 58
-0.00377553 59
-0.386535 60
0.142397 61
0.216398 62
0.0273031 63
1 64
0.0273031 65
0.216398 66
0.142397 67
-0.386535 68
-0.00377553 69
-0.173953 70
-0.169064 71
-0.0637469 72
-0.169064 73
-0.173953 74
-0.00377553 75
-0.386535 76
0.142397 77
0.216398 78
0.0273031 79
1 80
0.0273031 81
0.216398 82
0.142397 83
-0.386535 84
-0.00377553 85
-0.173953 86
-0.169064 87
-0.0637469 88
-0.169064 89
-0.173953 90
-0.00377553 91
-0.386535 92
0.142397 93
0.216398 94
0.0273031 95
1 96
0.0273031 97
0.216398 98
0.142397 99
-0.386535 100
-0.00377553 101
-0.173953 102
-0.169064 103
-0.0637469 104
-0.169064 105
-0.173953 106
-0.00377553 107
-0.386535 108
0.142397 109
0.216398 110
0.0273031 111
1 112
0.0273031 113
0.216398 114
0.142397 115
-0.386535 116
-0.00377553 117
-0.173953 118
-0.169064 119
-0.0637469 120
-0.169064 121
-0.173953 122
-0.00377553 123
-0.386535 124
0.142397 125
0.216398 126
0.0273031 127
1 0
-0.0764814 1
-0.163849 2
-0.167065 3
0.100322 4
0.141249 5
-0.219844 6
0.305145 7
0.0613689 8
0.305145 9
-0.219844 10
0.141249 11
0.100322 12
-0.167065 13
-0.163849 14
-0.0764814 15
1 16
-0.0764814 17
-0.163849 18
-0.167065 19
0.100322 20
0.141249 21
-0.219844 22
0.305145 23
0.0613689 24
0.305145 25
-0.219844 26
0.141249 27
0.100322 28
-0.167065 29
-0.163849 30
-0.0764814 31
1 32
-0.0764814 33
-0.163849 34
-0.167065 35
0.100322 36
0.141249 37
-0.219844 38
0.305145 39
0.0613689 40
0.305145 41
-0.219844 42
0.141249 43
0.100322 44
-0.167065 45
-0.163849 46
-0.0764814 47
1 48
-0.0764814 49
-0.163849 50
-0.167065 51
0.100322 52
0.141249 53
-0.219844 54
0.305145 55
0.0613689 56
0.305145 57
-0.219844 58
0.141249 59
0.100322 60
-0.167065 61
-0.163849 62
-0.0764814 63
1 64
-0.0764814 65
-0.163849 66
-0.167065 67
0.100322 68
0.141249 69
-0.219844 70
0.305145 71
0.0613689 72
0.305145 73
-0.219844 74
0.141249 75
0.100322 76
-0.167065 77
-0.163849 78
-0.0764814 79
1 80
-0.0764814 81
-0.163849 82
-0.167065 83
0.100322 84
0.141249 85
-0.219844 86
0.305145 87
0.0613689 88
0.305145 89
-0.219844 90
0.141249 91
0.100322 92
-0.167065 93
-0.163849 94
-0.0764814 95
1 96
-0.0764814 97
-0.163849 98
-0.167065 99
0.100322 100
0.141249 101
-0.219844 102
0.305145 103
0.0613689 104
0.305145 105
-0.219844 106
0.141249 107
0.100322 108
-0.167065 109
-0.163849 110
-0.0764814 111
1 112
-0.0764814 113
-0.163849 114
-0.167065 115
0.100322 116
0.141249 117
-0.219844 118
0.305145 119
0.0613689 120
0.305145 121
-0.219844 122
0.141249 123
0.100322 124
-0.167065 125
-0.163849 126
-0.0764814 127
1 0
0.209568 1
0.0323827 2
0.0490938 3
0.360501 4
-0.135608 5
-0.522095 6
-0.275506 7
-0.153918 8
-0.275506 9
-0.522095 10
-0.135608 11
0.360501 12
0.0490938 13
0.0323827 14
0.209568 15
1 16
0.209568 17
0.0323827 18
0.0490938 19
0.360501 20
-0.135608 21
-0.522095 22
-0.275506 23
-0.153918 24
-0.275506 25
